0.7234833623326442
5.953203194893768
0.9962665751213373
4.912856432330179
4.117955875818043
0.841604304045418
8.759383162308838
9.137293694535638
9.635483196674748
6.663176805353377
8.732361714819813
8.815385157640998
8.154204259394799
9.407371598755166
3.624530524286299
5.320497727238784
8.204287756651837
4.9692880329823
5.5366309507826195
6.324555369266308
3.2484661292908856
8.646748112313357
7.541702066397474
5.730910455382681
4.658684389328257
4.78516363181296
9.1287368181808
7.894563406463268
0.4746190431940067
5.105654512769311
2.5138109110552067
3.6544474236829236
3.320837019810743
4.808521789938123
0.27064856527777237
2.6653920390822385
6.962879988311112
1.4133177586496337
5.992355111537595
3.7927638525062415
9.898576220286468
2.478396173419275
8.768315645824318
2.920674222858588
6.109394996024783
4.836967994490546
9.14501990388543
5.42503886849417
7.637677904049628
9.793322871941472
8.9368410325667
8.77566004224583
1.0090944234153054
5.842029117612415
9.762563625101357
9.256892337149466
9.685686488470559
2.9045490005516603
5.505718140003496
5.634350335558986
7.713378481408184
9.821863949768355
2.031547006593377
1.7454977362748203
5.518851670147709
9.898330838778739
3.440694138698226
9.45485591509006
7.414191815106824
7.661139305888389
7.899470804464729
3.1899551424527917
1.7837350287254683
3.681380037954949
7.65882248070792
7.3620469945516245
9.156056111912692
3.296869434859425
7.258882146145005
8.375983224602368
0.40505478305435827
9.383522425275594
1.1132640656734383
3.646556877410986
7.177615296161752
8.94120468918444
6.677014033423879
1.0639976695623543
9.311325437717182
8.191630394108255
2.224404113962579
3.689197589431006
9.484262211373661
1.13002471802502
8.897518306876531
6.1096344121963275
3.6298611651382906
2.028893185571121
5.13384469795251
0.8498570969154717
6.753407383812816
3.2614005817790606
7.840857927352442
5.5057808481384445
7.702698990747345
5.993485380339311
8.757834409907037
3.859932739237051
3.1739488591855536
2.7879866473196624
6.329916420825032
7.13518092676123
0.7750089127811399
7.970698725262679
3.116700109424287
4.757369548570257
3.321512423351879
3.727406140506413
6.267391906895772
7.522671267514351
1.7075520160838997
7.332597539248216
3.9168427504509564
9.903362779273223
1.6710181441379635
7.654692630705398
3.491534078790864
2.376115463814209
0.5647476765193393
7.139260960345314
8.86185694092645
9.119787880916892
3.848139639401401
8.840849014249152
2.036789096452518
1.2050955802784924
7.429915311197419
6.755674886190276
1.6693418229885515
0.48642133522472375
1.2212172983476488
1.7015879852064153
5.025914858382269
4.806427336933295
1.2992497594723484
4.29833560314963
2.2699606171239397
0.8370125361835079
2.9351886574999853
1.2203142937942157
1.920127217995784
6.9055562725533735
4.4060961224438
0.8256283288476207
4.16531470456165
4.493272741291579
1.9890966367807994
9.50941494147052
4.353842068838235
3.7429017532922026
9.827083071412067
0.6860418438536076
2.421193838123753
5.275838963525036
4.458739954693605
4.173914856325135
5.280573640902231
7.894210216581715
2.721681868629445
4.938283554801837
8.2727641090004
9.331280545621803
3.4660287377435886
6.64156531539421
8.656553559868378
5.11397803445327
8.056746907048925
7.257355345155419
8.818257718355104
8.81420680780478
1.9966048002086978
1.1234246691727756
9.388631086016265
5.4910102291371405
0.16760791813890008
4.240655226439256
2.7777252126519314
8.96353971074782
1.1672920680906795
7.368994835154572
5.773019457154969
2.7051729664004354
2.0072695799591633
4.528163879555041
5.793414902162723
3.6120146187715276
3.044939231061272
2.8799755743651803
9.151447485722171
7.674407922125916
4.435286364886931
3.650783110659842
1.2483397490169912
6.667970795392659
9.618215104343971
2.7467000922235285
8.011282899022925
5.381064882969705
8.397870072821686
4.020883895611075
5.07959592271198
